                                 OVERFLOW
              Hesh divide    Hesh shift   Divide time    Shift time
20 пакетов     91290         247286         1938         2406
40 пакетов     24455         286166         1891         2391
60 пакетов     16982         366065         1906         2391
80 пакетов     34583         388258         1891         2406
100 пакетов     444258         150444         1953         2328
120 пакетов     8855         208069         1921         2344
140 пакетов     53079         242526         1922         2359
160 пакетов     18915         256927         1906         2328
180 пакетов     5952         269086         1907         2328
200 пакетов     47203         309669         1906         2344
400 пакетов     2783         471912         1890         2422
600 пакетов     1850         526050         1891         2484
800 пакетов     11746         566457         1906         2547
1000 пакетов     9472         145931         1890         2297
1200 пакетов     974         215999         1906         2297
1400 пакетов     6873         228815         1890         2329
1600 пакетов     700         404009         1906         2609
1800 пакетов     564         402055         1906         2656
2000 пакетов     1708         170134         1891         2328
4000 пакетов     309         577276         1906         3937
6000 пакетов     1402         719406         1891         3921
8000 пакетов     1350         795094         1890         4500
10000 пакетов     91923         939211         2391         9109
12000 пакетов     1016         555126         1922         4406
14000 пакетов     699         582550         1922         4766
16000 пакетов     85         569063         1922         5375
18000 пакетов     912         546814         1922         6172
20000 пакетов     17202         924997         1954         9875
40000 пакетов     7250         908792         1953         13484
60000 пакетов     29690         899948         1953         17797
80000 пакетов     11896         898480         1985         22968
100000 пакетов     2187         945324         1984         9125
120000 пакетов     127373         963706         1985         10593
140000 пакетов     140784         948340         1953         18969
160000 пакетов     320104         981074         2094         58140
180000 пакетов     201176         956114         2031         48719
200000 пакетов     130938         945958         2031         33422
