 Number of packets   Find time Hesh-divide(ms)   No founded records Hesh-divide   Find time Hesh-shift(ms)   No founded records Hesh_shift
        20                  90343                             200                          144000                       200
        40                  42266                             200                          60750                       200
        60                  29282                             200                          97171                       200
        80                  24031                             200                          50766                       200
        100                  551234                             200                          18563                       200
        120                  15844                             200                          16922                       200
        140                  15578                             200                          24875                       200
        160                  13406                             200                          15532                       200
        180                  12125                             200                          13469                       200
        200                  12266                             200                          17156                       200
        400                  7813                             200                          17953                       200
        600                  6812                             200                          21656                       200
        800                  6438                             200                          116421                       200
        1000                  6062                             200                          7500                       200
        1200                  5719                             200                          9016                       200
        1400                  5718                             200                          140625                       200
        1600                  5454                             200                          317921                       200
        1800                  5422                             200                          448078                       200
        2000                  5375                             200                          538328                       200
        4000                  4907                             200                          1025953                       200
        6000                  4781                             200                          1044891                       200
        8000                  4781                             200                          1490187                       200
        10000                  142812                             200                          1516844                       200
        12000                  4844                             200                          115031                       200
        14000                  4969                             200                          107484                       200
        16000                  4984                             200                          109234                       200
        18000                  5015                             200                          106875                       200
        20000                  6000                             200                          958719                       200
        40000                  5328                             200                          506079                       200
        60000                  5547                             200                          330859                       200
        80000                  5282                             200                          405328                       200
        100000                  5610                             200                          130437                       200
        120000                  5875                             200                          132906                       200
        140000                  4640                             200                          450454                       200
        160000                  6297                             200                          1024156                       200
        180000                  5500                             200                          718266                       200
        200000                  5672                             200                          991453                       200


The best choice for find:
  for Hesh-divide -  140000 -packets
  for Hesh-shift -  1000 -packets
