 Number of packets   Find time Hesh-divide(ms)   No founded records Hesh-divide   Find time Hesh-shift   No founded records Hesh_shift(ms)
        20                  94797                         200                      136656                   200
        40                  42703                         200                      56141                   200
        60                  30000                         200                      93500                   200
        80                  23703                         200                      49828                   200
        100                  542094                         200                      18859                   200
        120                  16937                         200                      17563                   200
        140                  16078                         200                      25438                   200
        160                  14359                         200                      15891                   200
        180                  12797                         200                      13625                   200
        200                  12485                         200                      17531                   200
        400                  8172                         200                      18110                   200
        600                  7219                         200                      22297                   200
        800                  6609                         200                      116438                   200
        1000                  6141                         200                      7484                   200
        1200                  5844                         200                      9031                   200
        1400                  5797                         200                      141812                   200
        1600                  5500                         200                      318094                   200
        1800                  5406                         200                      448156                   200
        2000                  5407                         200                      540218                   200
        4000                  4891                         200                      1029500                   200
        6000                  4844                         200                      1034125                   200
        8000                  4735                         200                      1488765                   200
        10000                  142218                         200                      1516969                   200
        12000                  4812                         200                      115485                   200
        14000                  4953                         200                      108859                   200
        16000                  4985                         200                      109593                   200
        18000                  4984                         200                      107453                   200
        20000                  6016                         200                      950172                   200
        40000                  5359                         200                      498891                   200
        60000                  5468                         200                      333719                   200
        80000                  5281                         200                      400360                   200
        100000                  5610                         200                      130078                   200
        120000                  5953                         200                      134235                   200
        140000                  4625                         200                      447843                   200
        160000                  6234                         200                      1002641                   200
        180000                  5500                         200                      710843                   200
        200000                  5672                         200                      985078                   200


The best choice for find:
  for Hesh-divide -  140000 -packets
  for Hesh-shift -  1000 -packets
