 Number of packets   Find time Hesh-divide(ms)   No founded records Hesh-divide   Find time Hesh-shift   No founded records Hesh_shift(ms)
        20                  92157                         200                      145000                   200
        40                  44625                         200                      59922                   200
        60                  31094                         200                      96156                   200
        80                  23828                         200                      50031                   200
        100                  580156                         200                      18703                   200
        120                  16531                         200                      18516                   200
        140                  16000                         200                      25859                   200
        160                  13781                         200                      16062                   200
        180                  12515                         200                      14000                   200
        200                  12985                         200                      17562                   200
        400                  8000                         200                      19266                   200
        600                  7015                         200                      22719                   200
        800                  6484                         200                      122531                   200
        1000                  6172                         200                      7563                   200
        1200                  5844                         200                      9391                   200
        1400                  5656                         200                      145719                   200
        1600                  5469                         200                      328859                   200
        1800                  5391                         200                      457422                   200
        2000                  5343                         200                      562266                   200
        4000                  4953                         200                      1081734                   200
        6000                  4907                         200                      1116812                   200
        8000                  4765                         200                      1615453                   200
        10000                  156343                         200                      1594813                   200
        12000                  4797                         200                      122515                   200
        14000                  4938                         200                      3136422                   200
        16000                  5016                         200                      118640                   200
        18000                  5047                         200                      112484                   200
        20000                  6062                         200                      1014485                   200
        40000                  5468                         200                      512282                   200
        60000                  5469                         200                      355968                   200
        80000                  5313                         200                      419000                   200
        100000                  5672                         200                      135406                   200
        120000                  5954                         200                      139718                   200
        140000                  4875                         200                      490843                   200
        160000                  6578                         200                      1056547                   200
        180000                  5515                         200                      728204                   200
        200000                  5703                         200                      1012219                   200


The best choice for find:
  for Hesh-divide -  8000 -packets
  for Hesh-shift -  1000 -packets
