                                 OVERFLOW
              Hesh divide    Hesh shift   Divide time    Shift time
20 пакетов     91290         107823         2140         2906
40 пакетов     24455         59570         1891         2875
60 пакетов     16982         95469         1906         2859
80 пакетов     34583         107058         1890         2860
100 пакетов     444258         6629         1921         2766
120 пакетов     8855         7314         1891         2781
140 пакетов     53079         41217         1906         2765
160 пакетов     18915         19225         1906         2766
180 пакетов     5952         8902         1891         2781
200 пакетов     47203         28911         1891         2765
400 пакетов     2783         33802         1875         2781
600 пакетов     1850         50846         1890         2782
800 пакетов     11746         145683         1891         2828
1000 пакетов     9472         11067         1891         2672
1200 пакетов     974         23815         1891         2672
1400 пакетов     6873         167557         1890         2766
1600 пакетов     700         254774         1891         2953
1800 пакетов     564         320080         1891         3078
2000 пакетов     1708         418862         1890         3157
4000 пакетов     309         707473         1907         4812
6000 пакетов     1402         806267         1891         4781
8000 пакетов     1350         851817         1891         7984
10000 пакетов     91923         880555         2375         9406
12000 пакетов     1016         415255         1922         3312
14000 пакетов     699         415784         1906         3422
16000 пакетов     85         411797         1922         3422
18000 пакетов     912         424559         1906         3516
20000 пакетов     17202         881358         1953         9422
40000 пакетов     7250         883092         1953         9750
60000 пакетов     29690         884066         1984         10141
80000 пакетов     11896         885680         1969         12406
100000 пакетов     2187         885636         1969         9375
120000 пакетов     127373         905668         1968         10891
140000 пакетов     140784         925212         1953         30016
160000 пакетов     320104         935528         2078         58750
180000 пакетов     201176         944854         2000         47610
200000 пакетов     130938         944854         2000         75688
